free_thresh: 0.196
image: reception-firstfloor.pgm
negate: 0
occupied_thresh: 0.65
origin: [-9.8999999999999915, -9.8999999999999915, 0.0]
resolution: 0.0665
